entropy: 0.9626147059982519
error: 0.38666666666666666