error(train): 0.12751677852348994
error(test): 0.1927710843373494